WIN% (n) — R0 baseline, base a61ef42, n=40 campaigns per rung
| objective | RECRUIT | h0 | h2 | h4 | h6 | h8 |
|---|---|---|---|---|---|---|
| Eliminate | 100 (42) | 75 (40) | 75 (40) | 75 (40) | 83 (42) | 83 (42) |
| Defend | 100 (36) | 81 (26) | 85 (26) | 77 (22) | 94 (31) | 85 (20) |
| Decapitate | 80 (40) | 60 (25) | 68 (25) | 43 (21) | 54 (26) | 36 (14) |
| Escort | 90 (20) | 100 (13) | 100 (14) | 93 (14) | 87 (15) | 35 (17) |
| Hack | 100 (14) | 91 (11) | 100 (11) | 80 (10) | 90 (10) | 89 (9) |
| Sabotage | 100 (12) | 100 (9) | 89 (9) | 89 (9) | 100 (11) | 78 (9) |
| Evac | 100 (6) | 100 (2) | 100 (2) | 100 (3) | 100 (3) | 67 (3) |
| Rescue | 100 (5) | 100 (5) | 100 (5) | 100 (5) | 50 (4) | 0 (3) |

MEAN TURNS
| objective | RECRUIT | h0 | h2 | h4 | h6 | h8 |
|---|---|---|---|---|---|---|
| Eliminate | 3.19 | 5.10 | 5.10 | 5.25 | 4.53 | 4.68 |
| Defend | 9.00 | 8.90 | 8.80 | 8.80 | 8.92 | 8.67 |
| Decapitate | 4.50 | 4.68 | 4.33 | 5.46 | 6.09 | 6.78 |
| Escort | 10.70 | 8.03 | 6.66 | 11.70 | 6.91 | 8.25 |
| Hack | 3.63 | 3.44 | 3.45 | 3.60 | 3.68 | 3.64 |
| Sabotage | 2.50 | 2.80 | 5.70 | 4.70 | 3.00 | 4.12 |
| Evac | 4.20 | 2.50 | 8.50 | 2.70 | 4.30 | 4.70 |
| Rescue | 5.98 | 3.40 | 3.00 | 3.22 | 3.50 | 4.67 |
