SHIPPED STATE (OpenerTrim=1) — WIN% (n), base a61ef42, n=40 campaigns per rung
| objective | RECRUIT | h0 | h2 | h4 | h6 | h8 |
|---|---|---|---|---|---|---|
| Eliminate | 100 (42) | 100 (41) | 100 (41) | 95 (42) | 93 (42) | 93 (42) |
| Defend | 97 (38) | 82 (34) | 71 (34) | 75 (36) | 91 (32) | 85 (26) |
| Decapitate | 85 (41) | 79 (33) | 54 (26) | 59 (29) | 34 (29) | 41 (17) |
| Escort | 85 (20) | 89 (19) | 100 (16) | 94 (18) | 95 (19) | 33 (15) |
| Hack | 100 (14) | 92 (12) | 75 (12) | 85 (13) | 85 (13) | 100 (12) |
| Sabotage | 100 (12) | 91 (11) | 90 (10) | 91 (11) | 92 (12) | 100 (10) |
| Evac | 100 (6) | 100 (4) | 100 (4) | 67 (3) | 75 (4) | 0 (4) |
| Rescue | 100 (6) | 100 (3) | 100 (5) | 100 (4) | 83 (6) | 33 (3) |

MEAN TURNS
| objective | RECRUIT | h0 | h2 | h4 | h6 | h8 |
|---|---|---|---|---|---|---|
| Eliminate | 2.74 | 3.25 | 3.30 | 3.45 | 4.20 | 4.15 |
| Defend | 9.00 | 8.90 | 8.65 | 8.55 | 8.90 | 8.70 |
| Decapitate | 4.50 | 4.32 | 5.12 | 4.85 | 5.88 | 4.94 |
| Escort | 13.48 | 12.81 | 10.50 | 10.55 | 8.86 | 11.35 |
| Hack | 3.66 | 3.50 | 4.40 | 3.95 | 3.88 | 3.33 |
| Sabotage | 3.42 | 2.69 | 3.40 | 3.37 | 3.75 | 2.64 |
| Evac | 11.70 | 5.20 | 6.80 | 8.30 | 3.80 | 5.50 |
| Rescue | 4.70 | 2.67 | 5.42 | 3.25 | 4.97 | 4.00 |
