===== h6 2^3 FACTORIAL — 8 arms x 16 CRN slot sets x 20 = 2560 campaigns =====
  CRN CHAIN: m3a1b1 (dials set to their defaults explicitly) == L5-h6 chunks byte-for-byte minus harness: 16/16

  arm      MIDTOOTH AIDECLINE BIOMEMECH   win% clustSE  per-chunk
  m3a1b1          3         1         1  13.12    2.32  5 20 10 15 10 5 15 20 0 15 20 25 20 0 0 30
  m3a1b0          3         1         0  11.25    1.55  10 0 10 10 10 20 15 20 15 10 10 0 10 15 5 20
  m3a0b1          3         0         1   9.38    2.09  10 5 0 5 5 0 5 15 10 10 15 15 35 10 5 5
  m3a0b0          3         0         0  13.44    2.08  20 20 5 25 10 10 0 5 5 15 20 5 15 15 15 30
  m0a1b1          0         1         1  20.00    2.04  10 20 10 25 30 10 15 25 15 20 15 20 25 25 15 40
  m0a1b0          0         1         0  18.12    1.88  25 15 10 25 25 10 5 15 10 25 10 20 25 20 20 30
  m0a0b1          0         0         1  19.06    2.34  30 25 5 20 5 25 25 20 20 15 20 10 35 5 15 30
  m0a0b0          0         0         0  20.31    2.30  25 25 0 35 10 30 25 15 10 20 20 15 30 15 20 30

  contrast                                   mean clustSE  t(15)          95% CI  per-chunk
  s_M  (MIDTOOTH=0, others shipped)         +6.88    2.13  +3.22  [  +2.3, +11.4]  +5 +0 +0 +10 +20 +5 +0 +5 +15 +5 -5 -5 +5 +25 +15 +10
  s_A  (AIDECLINE=0, others shipped)        -3.75    2.60  -1.44  [  -9.3,  +1.8]  +5 -15 -10 -10 -5 -5 -10 -5 +10 -5 -5 -10 +15 +10 +5 -25
  s_B  (BIOMEMECH=0, others shipped)        -1.88    2.92  -0.64  [  -8.1,  +4.3]  +5 -20 +0 -5 +0 +15 +0 +0 +15 -5 -10 -25 -10 +15 +5 -10
  sum of single removals                    +1.25    6.32  +0.20  [ -12.2, +14.7]  +15 -35 -10 -5 +15 +15 -10 +0 +40 -5 -20 -40 +10 +50 +25 -25
  joint (all three off)                     +7.19    2.74  +2.63  [  +1.4, +13.0]  +20 +5 -10 +20 +0 +25 +10 -5 +10 +5 +0 -10 +10 +15 +20 +0
  Q = joint - sum  [L4's '+5.8']            +5.94    5.25  +1.13  [  -5.2, +17.1]  +5 +40 +0 +25 -15 +10 +20 -5 -30 +10 +20 +30 +0 -35 -5 +25   <- NOT resolved (|t|<2.3; CI includes +5.8)
  c_MA (two-way at composed point)          +2.81    3.56  +0.79  [  -4.8, +10.4]  +15 +20 +5 +5 -20 +20 +20 +0 -5 +0 +10 +0 -5 -30 -5 +15
  c_MB (two-way at composed point)          +0.00    3.20  +0.00  [  -6.8,  +6.8]  +10 +15 +0 +5 -5 -15 -10 -10 -20 +10 +5 +25 +10 -20 +0 +0
  c_AB (two-way at composed point)          +5.94    4.04  +1.47  [  -2.7, +14.5]  +5 +35 +5 +25 +5 -5 -5 -10 -20 +10 +15 +15 -10 -10 +5 +35
  main M (MIDTOOTH removed)                 +7.58    0.96  +7.91  [  +5.5,  +9.6]  +11 +10 +0 +12 +9 +10 +9 +4 +6 +8 +0 +5 +9 +6 +11 +11
  main A (AIDECLINE removed)                -0.08    1.52  -0.05  [  -3.3,  +3.2]  +9 +5 -8 +2 -11 +5 +1 -6 +1 -2 +5 -5 +9 -4 +4 -6
  main B (BIOMEMECH removed)                +0.39    1.35  +0.29  [  -2.5,  +3.3]  +6 -2 +0 +8 +1 +8 -4 -6 -1 +2 -2 -8 -9 +6 +6 +1
  int MxA                                   +0.70    1.51  +0.46  [  -2.5,  +3.9]  +1 +2 +0 +0 -9 +12 +14 +4 +1 -2 +2 -2 -1 -9 -4 +1
  int MxB                                   -0.70    1.06  -0.66  [  -3.0,  +1.6]  -1 +0 -2 +0 -1 -5 -1 -1 -6 +2 +0 +10 +6 -4 -1 -6
  int AxB                                   +2.27    1.27  +1.78  [  -0.4,  +5.0]  -4 +10 +0 +10 +4 +0 +1 -1 -6 +2 +5 +5 -4 +1 +1 +11
  int MxAxB                                 -0.70    1.02  -0.69  [  -2.9,  +1.5]  -6 -8 -2 -2 +1 +2 +4 +4 +4 -2 -2 -2 +1 +6 -1 -6

  VERDICT on the interaction term Q: +5.94 +- 5.25 (cluster SE, 16 clusters), t(15) = +1.13, 95% CI [-5.2, +17.1] -> NOT RESOLVED; the CI includes +5.8
