== C1ctl ==  (88 chunks)
  rung     n    win%   +-SE  avgMis  ch/ARM   step  +-SEstep
  h-1     320    70.0    2.6    5.20   2.227       -       -
  h0      320    44.4    2.8    4.29   2.340   -25.6     3.8
  h1      320    37.5    2.7    4.14   2.371    -6.9     3.9
  h2      320    32.5    2.6    4.00   2.426    -5.0     3.8
  h3      320    27.5    2.5    3.79   2.536    -5.0     3.6
  h4      320    20.9    2.3    3.77   2.617    -6.6     3.4
  h5      320    20.9    2.3    3.66   2.492    +0.0     3.2
  h6      640    18.6    1.5    3.58   2.103    -2.3     2.7
  h7      320    12.2    1.8    3.37   2.083    -6.4     2.4
  h8      320     8.1    1.5    2.92   2.086    -4.1     2.4

== C1m1 ==  (88 chunks)
  rung     n    win%   +-SE  avgMis  ch/ARM   step  +-SEstep
  h-1     320    70.0    2.6    5.20   2.227       -       -
  h0      320    44.4    2.8    4.29   2.340   -25.6     3.8
  h1      320    37.5    2.7    4.14   2.371    -6.9     3.9
  h2      320    32.5    2.6    4.00   2.426    -5.0     3.8
  h3      320    27.5    2.5    3.79   2.536    -5.0     3.6
  h4      320    20.9    2.3    3.77   2.617    -6.6     3.4
  h5      320    20.6    2.3    3.67   2.499    -0.3     3.2
  h6      640    12.0    1.3    3.33   2.087    -8.6     2.6
  h7      320     9.4    1.6    3.20   2.058    -2.7     2.1
  h8      320     8.1    1.5    2.92   2.086    -1.2     2.2

== CRN-PAIRED C1m1 vs C1ctl (same slots, same policy legs) ==
  rung  pairs    ctl%    lev%   delta  +-SEpair  B-only  A-only  McNemar-ish
  h-1      320    70.0    70.0    +0.0       0.0       0       0   z=+0.00
  h0       320    44.4    44.4    +0.0       0.0       0       0   z=+0.00
  h1       320    37.5    37.5    +0.0       0.0       0       0   z=+0.00
  h2       320    32.5    32.5    +0.0       0.0       0       0   z=+0.00
  h3       320    27.5    27.5    +0.0       0.0       0       0   z=+0.00
  h4       320    20.9    20.9    +0.0       0.0       0       0   z=+0.00
  h5       320    20.9    20.6    -0.3       0.7       2       3   z=-0.45
  h6       640    18.6    12.0    -6.6       1.6      30      72   z=-4.16
  h7       320    12.2     9.4    -2.8       1.8      13      22   z=-1.52
  h8       320     8.1     8.1    +0.0       0.0       0       0   z=+0.00
